 190
  11
 128
 233
 154
   3
  10
 162
 196
  64
 132
 168
  25
  56
  91
 110
  32
   1
 226
 104
 221
  39
 117
  33
 164
  78
 148
   4
 222
  17
  50
 194
 140
 187
 227
 201
  13
 135
  58
 189
  18
  18
 177
 158
 240
  27
  97
  31
 241
 225
 199
  19
 190
 115
 147
  24
 128
  34
 249
 128
  77
 121
 254
 152
  74
 176
 139
  94
 149
 183
 188
 197
 147
  12
 186
  11
  57
  83
  79
  39
 149
  64
   6
  51
   1
 205
 243
 101
 115
  55
  87
 194
 139
 244
 224
 194
 130
  16
  13
  95
  58
  11
 126
 254
  28
 108
 205
 131
 150
  17
 146
 129
 222
  81
 104
  15
  80
 236
  61
 192
 212
 239
 198
 209
  66
 243
 209
 136
  73
 172
 228
 135
 248
  80
  70
 157
 144
  20
 159
  40
 182
 157
  88
 158
 226
  33
 201
 172
 195
 240
